((("clean_eyepieces" .
   [0 0 0 0 0 0 0 0 0 0 1 0 0 0 0])
  ("telescope" .
   [1 0 0 0 0 0 0 0 0])
  ("i" .
   [1])
  ("messenger_id" .
   [5 0 0 0 0 0 0 0 0 0 0 0])
  (":messenger_id" .
   [1 0 0 0 0 0 0 0 0 0 0 0 0])
  ("messenger" .
   [4 0 0 0 0 0 0 0 0])
  ("client" .
   [3 0 0 0 0 0])
  ("obj_lenses" .
   [3 0 0 0 0 0 0 0 0 0])
  ("lens" .
   [1 0 0 0])
  ("params" .
   [1 0 0 0 0 0])
  ("id" .
   [4 0])
  ("Telescope" .
   [1 0 0 0 0 0 0 0 0])
  ("scope" .
   [3 0 0 0 0])
  ("ids" .
   [4 0 0])
  (":id" .
   [2 0 0])
  ("map" .
   [1 0 0])
  ("results" .
   [1 0 0 0 0 0 0])
  ("solr" .
   [1 0 0 0])
  ("email" .
   [1 0 0 0 0])
  ("link" .
   [1 0 0 0])
  ("send" .
   [3 0 0 0])
  ("for" .
   [1 0 0])
  ("save" .
   [1 0 0 0])
  ("invoice" .
   [3 0 0 0 0 0 0])
  ("market?" .
   [0 0 0 1 0 0 0])
  ("jobs:" .
   [1 0 0 0 0])
  ("guest" .
   [1 0 0 0 0])
  ("saved" .
   [0 0 0 0 1])
  ("zone-programs" .
   [1 0 0 0 0 0 0 0 0 0 0 0 0])
  ("setq" .
   [1 0 0 0])
  ("to_i" .
   [1 0 0 0])
  (":search" .
   [1 0 0 0 0 0 0])
  ("session" .
   [1 0 0 0 0 0 0])
  ("current_index" .
   [2 0 0 0 0 0 0 0 0 0 0 0 0])
  ("page" .
   [4 0 0 0])
  ("nil" .
   [1 0 0])
  ("set-face-attribute" .
   [1 0 0 0 0 0 0 0 0 0 0 0 \.\.\.])
  (":height" .
   [3 0 0 0 0 0 0])
  ("bold" .
   [2 0 0 0])
  (":bold" .
   [1 0 0 0 0])
  (":weight" .
   [4 0 0 0 0 0 0])
  (":eval" .
   [1 0 0 0 0])
  ("list" .
   [1 0 0 0])
  (":foreground" .
   [1 0 0 0 0 0 0 0 0 0 0])
  (":inherit" .
   [1 0 0 0 0 0 0 0])
  ("org-tag" .
   [1 0 0 0 0 0 0])
  ("group_name" .
   [3 0 0 0 0 0 0 0 0 0])
  ("group" .
   [5 0 0 0 0])
  ("jobs_with_group" .
   [2 0 0 0 0 0 0 0 0 0 0 0 0 0 0])
  ("jobs" .
   [1 0 0 0])
  ("group_by" .
   [2 0 0 0 0 0 0 0])
  ("date_due" .
   [1 0 0 0 0 0 0 0])
  ("sheet" .
   [1 0 0 0 0])
  ("cell" .
   [1 0 0 0])
  ("lens_2" .
   [2 0 0 0 0 0])
  ("social" .
   [1 0 0 0 0 0])
  ("00a8e0" .
   [1 0 0 0 0 0])
  ("dog" .
   [2 0 0])
  ("2em" .
   [1 0 0])))
